0.14073444727650336
0.1588801492195886
1.219437839156149e-05
0.0
7.503095026698513e-05
0.0
0.0
0.27842787427192106
0.0006148654445620156
0.31149221889625744
0.28126098263864485
0.08305523791743483
0.058423688700533875
0.1641899979563834
0.19717266314978366
0.20088042180660565
0.30988715055142346
0.0
3.505865751635706e-05
0.4194090361225757
0.39608507311989055
0.37100452735132927
4.202016127337897e-06
0.0
0.0
0.0
0.0
0.0
0.0
0.0
0.0
0.0
0.0
1.8164644336263897e-05
0.0
0.0
0.0
0.0
0.0
0.0
0.0
0.0
0.0
0.0
8.56091088091773e-05
0.0
0.0
0.0
0.0
0.0
0.0
0.0
0.0
0.0
0.0
0.0
0.0
0.0
0.0
0.0
0.0
0.0
0.0
0.0
0.0
0.0
0.0
0.0
0.0
0.0
0.0
0.0
5.140397095675641e-05
0.0002985035885322708
0.45476852864868245
0.11109860242203959
0.43209537790338737
0.4023862684900921
0.0816597755463674
0.0
0.0
0.0
0.0
0.0030937086718307197
0.0
0.0
0.03937568455640745
0.11925896433004661
0.30549956126829036
0.08731895383974159
0.06595086695159665
0.0005028638093945017
0.3702853945159485
0.2897915525292844
0.29269590883797447
0.2684378268014541
0.0
0.0
0.0
0.0
0.14681759138986825
0.0
0.0
0.0
6.403893567288912e-05
0.09399313979754037
0.3835027365129007
0.08293344078537675
0.34297358982719267
0.36830761272523493
0.4017867778439547
0.35855263157894735
0.16499630329417564
0.0005889281507656066
0.0
0.0
0.0
0.0
0.0
0.0
0.0
