0.14073444727650336
0.39521906740129203
0.2175055643452844
0.12358880636673536
0.00039708414840079585
0.12147895734144361
0.0
0.0009481728708778185
0.26979459007583445
0.017214009326322055
0.0
2.3983115886415963e-05
0.01362974361792751
0.5792116788321168
0.0
0.06472508034579835
0.09522588091955497
0.15935591338145474
0.3368922783603432
0.17406392694063927
0.10324723968341856
0.11089169589050424
0.16310810305500506
0.3207984596644269
0.28885863399137734
0.6385510195055066
0.00018755783033101874
1.4368366604084448e-05
0.35633570595568426
4.206275763439051e-05
0.3510159095265478
0.3712598516727501
0.057388140819450296
0.0
0.39342723004694835
0.3500910818945034
0.3088880411977875
0.259891639327965
0.3250442725323889
0.002348724729461707
0.24877424856107438
0.2644343164805063
0.3413131283351514
0.31326597039427134
0.21930097259848114
0.0
0.0
0.34721545140097965
0.30584024229816137
0.3141712323166244
0.0
0.0
0.0
0.0
0.0
0.41414909113940085
0.0041721440625029135
0.0
0.0505290369123482
0.001937046004842615
0.00023483286026423802
0.00017827218597354442
0.0
0.0
3.5411839695660535e-05
0.14183468621803264
0.0
6.933979272024629e-05
0.1208306553489506
0.039144324477334305
0.10808146563749652
0.0
8.753605888789416e-05
0.0
2.3111341197352364e-05
3.78698224852071e-05
0.00012025710138917686
0.0
0.0001262677691336402
1.3325101381813013e-05
0.3450153711023276
0.330486785751593
0.2770126499403746
0.01765619400310596
0.0
0.3426141732283465
1.871660256230289e-05
0.3614194850611402
6e-05
0.00030973393418808266
0.003996723534063947
0.0017554272377924875
0.002549286199864038
1.7433447812973973e-05
0.0
0.0
0.0
0.0
1.3041266915609961e-05
0.0
0.0
0.0013035355460496285
1.950429825972899e-05
4.3661343216967766e-05
9.938334997610066e-05
0.0
0.0
0.0
0.0
4.330522824020544e-06
0.0
0.0
0.0
0.0
0.0
2.3498669975279398e-05
0.0
5.7496322631031726e-05
0.0
3.865630677645058e-05
0.0
