1.0002300529121698e-05
0.9218978230646041
0.9100503112928277
0.9357593138014778
0.7281962370769922
0.9087576374745417
0.0
0.8526416840950389
0.814473900135758
0.8941016993982676
0.882687447346251
0.8844792076458473
0.9448782478574344
0.8948197869546184
0.8602068797002688
0.0
0.8766310416334343
0.0
0.8771729294661142
0.9438406455599578
0.9184816225542859
0.9363059486239778
0.0
0.9588401475319783
0.0
0.9531988167248002
0.9396860237629432
0.0
0.0
0.8899082568807339
0.8911962911628352
0.0
0.9389561054873631
0.9135261041253435
0.9239004164209247
0.0
0.9447565097348503
0.8959513164431198
0.8415241732488499
0.7571249793393309
0.8903625110521662
0.7872081849528009
0.0
0.0
0.816165343394349
0.8253729617208281
0.0
0.8356854838709677
0.0
0.9118960709184483
0.9066280033140016
0.8170125626984492
0.8971782999912641
0.8999936704854737
0.0
0.8964533371857845
0.0
0.9354364100566879
0.0
0.9515972503032754
0.9222553925072531
0.9190474113490644
0.8947116623118537
0.9283813925989627
0.9258298410164305
0.9076867089887186
0.0
0.9421385565124609
0.835745220238724
0.0
0.0
0.9498482439658911
0.9423512145610161
0.8685072857840062
0.9080486089530757
0.9404410295130021
0.91925411462589
0.8461879317085885
0.7998831502687543
0.8920877025738799
0.8635272145144077
0.8531257616378259
0.8861455651766909
0.0
0.896102545435636
0.0
0.8509980417081802
0.8265884652981427
0.9135812092394835
0.8494499131441806
0.0
0.9178993883544849
0.9318540145985401
0.931253699842998
0.7606081740828567
0.8462252590144453
0.88815271853907
0.8378819589786521
0.0
0.8571301801402077
0.9437724201217986
0.951608511300424
0.9486786950975032
0.9223392497236851
0.8385679834634818
0.9361297605608698
0.935040080883946
0.0
0.92514745308311
0.9218941248470012
0.8716983252781837
0.0
0.862140607197909
0.9425678228670747
0.9271369535271514
0.9427992518703242
