0.9382582758431387
0.9217394364957852
0.909899504825627
0.9357593138014778
0.7281962370769922
0.9087576374745417
0.950350257137415
0.8526416840950389
0.814473900135758
0.8941016993982676
0.882687447346251
0.8844792076458473
0.9448782478574344
0.894498759667299
0.8602068797002688
0.8792033873270642
0.8766310416334343
0.9017948006291053
0.8780894328301347
0.9438406455599578
0.9184816225542859
0.9360301354057081
0.9436830674754737
0.9588401475319783
0.9185941043083901
0.9531988167248002
0.9396860237629432
0.9493337386634241
0.9131484192616627
0.8897977732333561
0.8911962911628352
0.9320053673884878
0.9389700230591852
0.9137159285272389
0.9239004164209247
0.8407114468972573
0.9447565097348503
0.8959513164431198
0.8415296752130818
0.7594682659614658
0.8895012968639472
0.7872081849528009
0.7562123119740243
0.0
0.816165343394349
0.824432777482249
0.9333758658403208
0.8356854838709677
0.7972503195998834
0.9118960709184483
0.9066280033140016
0.8170125626984492
0.896429195549601
0.8998987277675802
0.9408247054623349
0.8964533371857845
0.9010656551973268
0.9372701708847069
0.9257675394359947
0.9515972503032754
0.9222553925072531
0.9190474113490644
0.8947116623118537
0.9283813925989627
0.9257411472538194
0.9079091019368404
0.9292991262316416
0.9421385565124609
0.835745220238724
0.874914375512068
0.8324481379655086
0.9498964204846557
0.9423512145610161
0.8685072857840062
0.9080337574825815
0.9404410295130021
0.91925411462589
0.8461879317085885
0.7998831502687543
0.8920877025738799
0.8635272145144077
0.8531257616378259
0.8862625789843201
0.9223654642223537
0.8958111235341533
0.0
0.8509980417081802
0.8265884652981427
0.9135812092394835
0.8494185204844859
0.8572990161979529
0.9178993883544849
0.9318540145985401
0.931253699842998
0.7606081740828567
0.8462252590144453
0.88815271853907
0.8378819589786521
0.8134170165011014
0.8569527021031147
0.9437724201217986
0.951608511300424
0.9486786950975032
0.9223392497236851
0.8393236493081472
0.936454650782805
0.935040080883946
0.9456646451401409
0.92514745308311
0.0
0.8716983252781837
0.7586420340919913
0.862140607197909
0.9425678228670747
0.9270644529833973
0.9425609851141766
