0.1301223466981132
0.1395661360062893
0.18322277908805032
0.18948751965408805
0.19125147405660378
0.15428704795597484
0.11585839229559748
0.14044811320754716
0.16455139544025157
0.14854559748427673
0.13980935534591196
0.10525009827044025
0.08925904088050314
0.0841440644654088
0.08288865959119497
0.09859473270440251
0.07662391902515724
0.053095518867924525
0.05152564858490566
0.06725383254716981
0.07542993317610062
0.07215752751572327
0.06556358097484277
0.06250737028301886
0.06491990959119497
0.05547857704402516
0.05142000786163522
0.04840801886792453
0.06102102987421384
0.08581466194968554
0.10253537735849057
0.10566529088050315
0.10917354559748428
0.1346992924528302
0.13605542452830188
0.12407134433962264
0.1030119889937107
0.09882075471698114
0.13179294418238993
0.14120970911949685
0.12676641116352202
0.10403645833333333
0.08326454402515723
0.08679982311320755
0.1106377751572327
0.10569722877358491
0.11828567216981133
0.10582989386792453
0.08030414701257861
0.09013119103773586
0.1092374213836478
0.1081343356918239
0.11825864779874214
0.10632124606918239
0.08424479166666667
0.07757959905660378
0.08181505503144654
0.08620283018867925
0.0817315251572327
0.06797612028301887
0.053948014937106915
0.056593946540880506
0.06069182389937107
0.06056407232704403
0.0581343356918239
0.05605837264150943
0.06647258254716981
0.09038669418238994
0.11057389937106918
0.12144015330188679
0.13208775550314467
0.1607556996855346
0.18588836477987422
0.18283952437106918
0.15718602594339623
0.1527589426100629
0.1790708529874214
0.17605149371069181
0.14973466981132075
0.11003832547169812
0.08390821540880503
0.0940718356918239
0.10506829795597485
0.10277613993710692
0.09063728380503144
0.07800216194968554
0.08020341981132076
0.10467275943396226
0.1034689465408805
0.09429785770440252
0.07067364386792453
0.0713001179245283
0.08780463836477988
0.0941627358490566
0.10154530267295597
0.09845224056603774
0.09084119496855346
0.08406053459119497
0.09527810534591195
0.08693003144654088
0.0660844143081761
0.05931849449685535
0.05306112421383648
0.05675854952830189
0.055301690251572326
0.058726415094339623
0.0628439465408805
0.06705729166666667
0.075297268081761
0.08548791273584906
0.08249803459119497
0.06795155267295598
0.0598123034591195
0.04553852201257862
0.03203125
0.041460298742138364
0.03978478773584906
0.03378292059748428
0.03234817216981132
0.033861536949685536
0.031299135220125784
